JD = 2450203.500000  Body: Pallas
RA = 14.486663263  Dec =  23.42272468  Dis =   1.7995499541

JD = 2450203.500000  Body: Pallas
RA = 14.486663263  Dec =  23.42272468  Dis =   1.7995499541

JD = 2450417.500000  Body: Pallas
RA = 17.052493552  Dec =   3.92859209  Dis =   3.9789190354

JD = 2450300.500000  Body: Pallas
RA = 14.525416573  Dec =  17.36248955  Dis =   2.9296518086

